1 20
2 -7 20
3 -7 14 20
4 -27 -7 14 20
5 -27 -7 5 14 20
6 -33 -27 -7 5 14 20
7 -40 -33 -27 -7 5 14 20
8 -40 -33 -27 -7 1 5 14 20
9 -40 -33 -27 -7 1 5 14 20 42
10 -40 -33 -29 -27 -7 1 5 14 20 42
11 -40 -33 -29 -27 -7 1 5 14 20 31 42
12 -40 -33 -29 -27 -22 -7 1 5 14 20 31 42
13 -40 -33 -29 -27 -22 -7 0 1 5 14 20 31 42
14 -40 -33 -29 -27 -22 -7 0 1 5 14 15 20 31 42
15 -40 -33 -29 -27 -22 -7 0 1 5 14 15 20 29 31 42
16 -40 -33 -29 -28 -27 -22 -7 0 1 5 14 15 20 29 31 42
17 -40 -33 -29 -28 -27 -22 -7 -3 0 1 5 14 15 20 29 31 42
18 -40 -33 -32 -29 -28 -27 -22 -7 -3 0 1 5 14 15 20 29 31 42
19 -40 -33 -32 -29 -28 -27 -22 -7 -3 -1 0 1 5 14 15 20 29 31 42
20 -40 -33 -32 -29 -28 -27 -23 -22 -7 -3 -1 0 1 5 14 15 20 29 31 42
21 -40 -33 -32 -29 -28 -27 -23 -22 -7 -3 -1 0 1 5 14 15 20 29 31 42 49
22 -40 -33 -32 -29 -28 -27 -23 -22 -7 -3 -1 0 1 5 14 15 20 21 29 31 42 49
23 -41 -40 -33 -32 -29 -28 -27 -23 -22 -7 -3 -1 0 1 5 14 15 20 21 29 31 42 49
24 -41 -40 -33 -32 -29 -28 -27 -23 -22 -7 -3 -1 0 1 5 14 15 20 21 29 31 42 45 49
25 -41 -40 -33 -32 -31 -29 -28 -27 -23 -22 -7 -3 -1 0 1 5 14 15 20 21 29 31 42 45 49
26 -41 -40 -33 -32 -31 -29 -28 -27 -23 -22 -7 -3 -1 0 1 5 14 15 17 20 21 29 31 42 45 49
27 -41 -40 -33 -32 -31 -29 -28 -27 -23 -22 -7 -3 -1 0 1 2 5 14 15 17 20 21 29 31 42 45 49
28 -41 -40 -33 -32 -31 -29 -28 -27 -23 -22 -7 -3 -1 0 1 2 4 5 14 15 17 20 21 29 31 42 45 49
29 -41 -40 -33 -32 -31 -29 -28 -27 -23 -22 -7 -4 -3 -1 0 1 2 4 5 14 15 17 20 21 29 31 42 45 49
30 -47 -41 -40 -33 -32 -31 -29 -28 -27 -23 -22 -7 -4 -3 -1 0 1 2 4 5 14 15 17 20 21 29 31 42 45 49
31 -47 -41 -40 -33 -32 -31 -29 -28 -27 -23 -22 -7 -4 -3 -1 0 1 2 4 5 13 14 15 17 20 21 29 31 42 45 49
32 -47 -41 -40 -33 -32 -31 -29 -28 -27 -23 -22 -7 -4 -3 -1 0 1 2 4 5 13 14 15 17 20 21 29 31 40 42 45 49
33 -47 -41 -40 -33 -32 -31 -29 -28 -27 -23 -22 -20 -7 -4 -3 -1 0 1 2 4 5 13 14 15 17 20 21 29 31 40 42 45 49
34 -47 -41 -40 -33 -32 -31 -29 -28 -27 -23 -22 -20 -7 -4 -3 -1 0 1 2 3 4 5 13 14 15 17 20 21 29 31 40 42 45 49
35 -47 -41 -40 -33 -32 -31 -29 -28 -27 -23 -22 -20 -7 -4 -3 -1 0 1 2 3 4 5 13 14 15 17 20 21 29 31 40 42 43 45 49
36 -47 -41 -40 -33 -32 -31 -29 -28 -27 -23 -22 -20 -15 -7 -4 -3 -1 0 1 2 3 4 5 13 14 15 17 20 21 29 31 40 42 43 45 49
37 -50 -47 -41 -40 -33 -32 -31 -29 -28 -27 -23 -22 -20 -15 -7 -4 -3 -1 0 1 2 3 4 5 13 14 15 17 20 21 29 31 40 42 43 45 49
38 -50 -47 -41 -40 -33 -32 -31 -29 -28 -27 -23 -22 -20 -15 -8 -7 -4 -3 -1 0 1 2 3 4 5 13 14 15 17 20 21 29 31 40 42 43 45 49
39 -50 -47 -41 -40 -33 -32 -31 -29 -28 -27 -23 -22 -20 -15 -8 -7 -4 -3 -1 0 1 2 3 4 5 9 13 14 15 17 20 21 29 31 40 42 43 45 49
1 0
1 0
1 0
1 0
1 0
1 0
1 0
1 0
1 0
1 0
1 0
1 0
1 0
1 0
1 0
1 0
1 0
1 0
1 0
1 0
1 0
1 0
1 0
1 0
1 0
1 0
1 0
1 0
1 0
1 0
1 0
1 0
1 0
1 0
1 0
1 0
1 0
1 0
2 0 22
2 0 22
2 0 22
3 -25 0 22
3 -25 0 22
3 -25 0 22
3 -25 0 22
3 -25 0 22
3 -25 0 22
3 -25 0 22
3 -25 0 22
3 -25 0 22
3 -25 0 22
3 -25 0 22
3 -25 0 22
3 -25 0 22
3 -25 0 22
3 -25 0 22
3 -25 0 22
3 -25 0 22
3 -25 0 22
3 -25 0 22
3 -25 0 22
true
true
true
true
true
true
true
true
true
true
true
true
true
true
true
true
true
true
true
true
true
true
true
true
true
true
true
true
true
true
true
true
true
true
true
true
true
true
true
true
true
true
true
true
true
true
true
true
true
true
true
true
true
true
true
true
true
true
true
true
true
true
true
true
true
true
true
true
true
true
true
true
true
true
true
true
true
true
true
true
true
true
true
true
true
true
true
true
true
true
true
true
true
true
true
true
true
true
true
true
false
3 -25 0 22
3 -25 0 22
3 -25 0 22
3 -25 0 22
3 -25 0 22
3 -25 0 22
3 -25 0 22
3 -25 0 22
3 -25 -1 22
3 -25 -1 22
3 -25 -1 23
3 -25 -1 23
3 -25 -1 23
3 -25 -1 23
3 -25 -1 23
3 -25 -1 25
3 -25 -1 25
3 -25 -1 25
3 -25 -1 26
2 -25 26
2 -25 26
2 -25 26
2 -25 26
2 -25 26
2 -25 25
2 -25 23
2 -25 23
2 -25 21
2 -25 21
2 -22 21
2 -22 21
2 -22 20
2 -22 20
2 -22 20
2 -20 20
2 -20 20
2 -19 20
2 -19 18
2 -19 18
2 -16 18
2 -16 17
1 -16
1 -16
1 -16
1 -16
1 -14
1 -12
1 -12
1 -10
1 -9
1 -9
1 -9
1 -9
1 -5
1 -4
1 2
1 3
1 4
1 4
1 5
1 6
38 -49 -38 -36 -35 -34 -33 -32 -29 -25 -22 -20 -19 -14 -12 -10 -5 3 4 5 6 8 13 15 16 18 20 21 23 27 28 32 33 34 35 37 39 41 46
37 -38 -36 -35 -34 -33 -32 -29 -25 -22 -20 -19 -14 -12 -10 -5 3 4 5 6 8 13 15 16 18 20 21 23 27 28 32 33 34 35 37 39 41 46
36 -38 -36 -35 -34 -33 -32 -29 -25 -22 -20 -19 -14 -12 -10 -5 3 4 5 6 8 13 15 16 18 21 23 27 28 32 33 34 35 37 39 41 46
35 -36 -35 -34 -33 -32 -29 -25 -22 -20 -19 -14 -12 -10 -5 3 4 5 6 8 13 15 16 18 21 23 27 28 32 33 34 35 37 39 41 46
34 -36 -35 -34 -33 -32 -29 -25 -22 -20 -19 -14 -12 -10 -5 3 4 5 8 13 15 16 18 21 23 27 28 32 33 34 35 37 39 41 46
33 -36 -35 -34 -33 -32 -29 -25 -22 -20 -19 -14 -12 -10 -5 3 4 5 8 13 15 16 18 21 23 27 28 32 33 34 35 37 39 46
32 -36 -35 -34 -33 -32 -29 -25 -22 -20 -19 -14 -12 -10 -5 3 4 5 8 13 15 16 18 21 27 28 32 33 34 35 37 39 46
31 -36 -35 -34 -33 -32 -29 -25 -22 -20 -19 -14 -10 -5 3 4 5 8 13 15 16 18 21 27 28 32 33 34 35 37 39 46
30 -36 -35 -34 -33 -32 -29 -25 -22 -20 -19 -14 -10 -5 3 4 5 8 13 15 16 18 21 27 28 32 34 35 37 39 46
29 -36 -35 -34 -33 -32 -29 -25 -22 -20 -19 -14 -10 -5 3 4 5 8 15 16 18 21 27 28 32 34 35 37 39 46
28 -36 -35 -34 -33 -32 -29 -25 -22 -19 -14 -10 -5 3 4 5 8 15 16 18 21 27 28 32 34 35 37 39 46
27 -36 -35 -34 -33 -32 -29 -25 -22 -19 -14 -10 -5 3 4 8 15 16 18 21 27 28 32 34 35 37 39 46
26 -36 -35 -34 -33 -32 -29 -25 -22 -19 -14 -10 -5 3 4 8 16 18 21 27 28 32 34 35 37 39 46
25 -36 -35 -34 -33 -32 -29 -25 -19 -14 -10 -5 3 4 8 16 18 21 27 28 32 34 35 37 39 46
24 -36 -35 -34 -33 -32 -29 -25 -19 -14 -10 -5 3 4 8 16 18 21 27 28 34 35 37 39 46
23 -36 -35 -34 -32 -29 -25 -19 -14 -10 -5 3 4 8 16 18 21 27 28 34 35 37 39 46
22 -36 -35 -34 -32 -29 -25 -19 -14 -10 -5 3 4 8 16 18 21 27 28 35 37 39 46
21 -36 -35 -34 -32 -29 -25 -19 -14 -10 -5 3 8 16 18 21 27 28 35 37 39 46
20 -36 -35 -34 -32 -29 -25 -19 -14 -10 -5 3 16 18 21 27 28 35 37 39 46
19 -36 -35 -34 -32 -25 -19 -14 -10 -5 3 16 18 21 27 28 35 37 39 46
18 -36 -35 -34 -32 -25 -19 -14 -10 -5 3 16 18 21 28 35 37 39 46
17 -36 -35 -34 -32 -25 -19 -14 -10 3 16 18 21 28 35 37 39 46
16 -36 -35 -34 -32 -25 -19 -10 3 16 18 21 28 35 37 39 46
15 -36 -35 -34 -32 -25 -19 -10 3 18 21 28 35 37 39 46
14 -36 -35 -34 -32 -25 -19 -10 3 18 21 28 35 39 46
13 -36 -35 -34 -32 -25 -19 -10 3 18 21 28 39 46
12 -36 -35 -34 -32 -25 -19 -10 3 21 28 39 46
11 -36 -35 -34 -32 -25 -19 3 21 28 39 46
10 -35 -34 -32 -25 -19 3 21 28 39 46
9 -35 -34 -32 -25 -19 3 21 28 46
8 -35 -34 -32 -25 -19 3 21 28
7 -35 -32 -25 -19 3 21 28
6 -35 -32 -25 -19 21 28
5 -35 -32 -19 21 28
4 -35 -32 -19 28
3 -35 -19 28
2 -35 28
1 28
0
false
